Name:j,
x:2.000000,
y:2.000000,
origin:(0.000000,0.000000),
shutter:0

