Name:liams,
x:4.000000,
y:5.000000,
originx:0.000000,
originy:0.000000,
shutter:1

