Name:sample,
x:6.000000,
y:78.000000,
originx:0.000000,
originy:0.000000,
shutter:1

